$ANSIBLE_VAULT;1.1;AES256
35396463383164626336373132336633393065303435653035316336386138313039303062353334
3164653034343734353630636231383931643438383463610a636637396230396538663537383665
62616135336463366637363865396562633861383139626666613934623234666331316463306639
6336666534633932360a623730646337363137613333326663323231646534306361396535363837
61356230363639643537313432386433373532323763336637393661373038386337646232313762
32336264393565643339383066343738386635333761343734656633653465333038356334353433
33366631323166323235303234653466313866636237306566363137393762393131613138356631
36346563643965643034333566643439336137626236366535383263636636313738626539313261
35383034623130626532316135383662393031653262663035613530386461636333646338616630
39383065633138363837393063353930666639633462343064396534323031366531663361313564
38663262383466613465663330623836353937623165323065643734666530306634333339643433
65666665393763663061366463363266336636613936343432343034373163353638643235383261
36643534653931616139626266646539393633346632393235343237663134346266383931383634
36633665333839633738383538383233323236626632353538366333653063383537613432316531
30383361663064666364656530636432643462643766666535633832373030316531656535373336
38373936343338353530303534616135303937366436383736343837313764663035393331633665
64363930303231616237333530356266643361323562623536633536366236346136386437323130
39323338656466363466386538656166306336393735323739343939646361346261396536363634
31336437393838373861663163303330366332313339636539333735373837333137633235373239
66663533333861366130373331386262366432663166313565616466376361643636636332666634
63653033616532353134656237313462663034666532653534366164663534343963303865363233
35313764353336303235333337303461623931663530323165323838646535386234366133653436
30393334666566316566383264623565323135643930316261366530643831353936396134636334
37323165363530313866356566313636303134623139613062376332393333356331653432316266
65383162383430663236623361393563363431363934636563323565386337636630613431636134
36353862303738666138316632326162613731633561393836653537313233643036313963326439
30393464303761336439623932353438653661663061613163333135366361396563613232383633
31363336363932636231333132376430373332373133323833393036386132336664336631373536
31643931393362373838653631346539363936366362396132666331646461643062363637636465
39366336346132393364343737633735303165343163346661626339623934663230626439643461
34643130663833363066316563643761373137356463303336343062656333396465303336646431
31313565663231643938393964613566356363653964353164626439663535363532346162613732
39386231613466373530303266633863353234376362376162326365663764626266396636653837
65383766333039373039303138313738396164643966666139353661653031336233616561643335
35643030313435363232333233363666393038363565306639336461306663343834646230386138
65653237353363633162656638646563643134623261393164306664333732386236346533356335
3630
